85297071904
85298205596
85263372686
85296428209
85260122640
85259222287
85294291102
85294093349
85291374059
85298478096
85253454323
85251102337
85255462004
85297986201
85292232078
85297899760
85259672677
85262255986
85293785253
85291099330
85262710117
85292298713
85261439509
85254009141
85251856059
85254032211
85297924005
85255433749
85260856878
85259308645
85298591717
85264857074
85292701588
85293385140
85294919777
85294307208
85290883100
85294647890
85297902942
85269021361
85294653253
85291969947
85267072230
85295335639
85255007578
85262953499
85294792752
85267934047
85252314003
85269003013
85290379679
85294928809
85268885320
85260387558
85295893421
85296240319
85265331274
85260125298
85263826089
85261781954
85269208444
85293468373
85291481063
85293803252
85261239182
85252810182
85254008158
85291604296
85298501996
85266849189
85260221419
85261079312
85291976511
85297838232
85296318458
85256276394
85284813631
85267149493
85294229496
85256671617
85298031183
85291055058
85295616786
85290439139
85256201621
85261128918
85265582306
85290352579
85298569229
85268767271
85255190310
85297160999
85268594484
85266700544
85251704745
85259775566
85295701313
85246426002
85262151578
85295453273
85298562061
85291977502
85296310959
85262142590
85292000860
85291200357
85290808126
85263966908
85266268490
85296097127
85266214755
85298220287
85251611598
85297207196
85254854113
85291992581
85262239274
85294697283
85298037288
85262908728
85294735081
85291375689
85268411871
85252430520
85292511737
85263905074
85246788466
85297590774
85260828536
85255174517
85296066522
85290453224
85290317501
85296557882
85246119835
85267118739
85290405122
85260348437
85267694010
85262757971
85265716278
85294887173
85297859029
85261848039
85246255043
85291822242
85295534437
85294354351
85252816832
85291606116
85268062013
85296329042
85256818055
85294699374
85297772997
85292035594
85293714870
85268866497
85266892760
85296345867
85266770452
85297565252
85291418999
85296971991
85297096899
85263807521
85293234328
85293113928
85292539300
85262543271
85293402861
85290220516
85265613568
85268996705
85263849461
85251992883
85294317104
85295504739
85266000000
85265841199
85264471256
85293559849
85267911501
85262045953
85260550839
85294554088
85261037970
85252824023
85297014824
85263331576
85293314378
85266827288
85292600717
85297301543
85260192280
85259397376
85292495159
85254070532
85292786350
85294059313
85256682270
85296494390
85292111153
85254953696
85269981959
85269922129
85267361389
85255445437
85257034870
85260146311
85298083575
85296449272
85295595419
85295781160
85291061378
85263581063
85293674699
85255015074
85298577737
85293480791
85252297556
85256325114
85297711186
85292281163
85292090523
85293372217
85262907735
85296086965
85290224563
85266279337
85262923102
85265282955
85295116528
85298378340
85297029761
85254380106
85291921301
85296740217
85252667211
85293880558
85262381021
85293316395
85291959874
85292184210
85266946116
85260561502
85292077460
85296093472
85261000250
85266247799
85264615617
85262299004
85263949569
85295395291
85268918769
85291514084
85296381949
85290284941
85261991832
85295091208
85268405571
85264013465
85268447924
85261906578
85262103570
85266471335
85295886468
85265785477
85297011214
85244060549
85291395199
85292635252
85263602129
85246791183
85296703648
85264840277
85262764451
85295773028
85251271907
85293614632
85290674829
85291310337
85290117730
85265981543
85266088815
85295146435
85266964219
85261445658
85256456675
85266872775
85261947922
85255057967
85260768708
85251223530
85263381945
85296440338
85261367205
85293875940
85261527941
85254039479
85256489440
85295435368
85297009827
85263607483
85294615791
85296878651
85291427329
85261755556
85264300958
85298071051
85269937366
85291836050
85260562622
85298784210
85246618857
85264278560
85291915326
85295286588
85261910186
85290214691
85298682467
85293300261
85298481772
85268448603
85260778522
85261322163
85251659117
85266760180
85290418864
85268011983
85298725206
85261261103
85294421074
85267480666
85298296316
85262026787
85246709693
85298187718
85268877663
85262132713
85291264008
85262281724
85261203940
85291033673
85269640303
85290266480
85255479877
85292130831
85297127572
85290833450
85291710678
85292336784
85298095206
85260901074
85262590510
85259589269
85292057760
85291046469
85270759664
85296050428
85259981242
85261335366
85255978072
85246476610
85293135046
85261237000
85263931978
85261553734
85269737606
85293611144
85293491155
85293850732
85291209604
85291919648
85265957472
85297171846
85267714998
85263664240
85254010453
85261893187
85268867950
85296327368
85291212955
85260791660
85297152922
85267454162
85293120211
85298104775
85292308368
85261307210
85298178934
85290885193
85293523798
85268859798
85266889250
85265750575
85293174747
85264970110
85267649896
85268028258
85264028794
85292136303
85290303715
85255301100
85297637800
85292754442
85266087112
85262521390
85292617628
85255406260
85295085110
85265313330
85297842240
85263148839
85251186746
85297859290
85292274561
85292745905
85266357557
85267443120
85294924791
85251266067
85254220464
85290525601
85297558217
85257762066
85251675807
85265985492
85262123162
85296363944
85298008380
85290227935
85297562938
85266285744
85291461685
85297826287
85293486379
85256918428
85264837168
85261795070
85291482143
85293423175
85295773748
85265036565
85261277720
85269988924
85297903879
85267921850
85260267878
85255635066
85294946976
85265530573
85298256255
85298470085
85298566906
85263291622
85261324637
85295734014
85254279661
85263081236
85267652681
85290929881
85255419514
85255964629
85297995074
85296253628
85293374313
85263535779
85263339355
85260102016
85253455659
85255898699
85253647886
85298279909
85263899630
85292674070
85295406293
85269118013
85297466866
85284823578
85251863533
85297283884
85292013146
85290424066
85246116390
85297952414
85297869032
85294421098
85291529225
85292628838
85296365070
85268336786
85264336021
85254387006
85266776574
85290918019
85263465502
85260914346
85264071107
85298230875
85291982769
85261368034
85255288096
85255881206
85291002062
85260626040
85260277088
85290450919
85261895617
85252238178
85292502865
85292884063
85298108050
85298328636
85297903302
85261213739
85291920965
85259388994
85298518574
85254014609
85260732441
85284038624
85261376859
85262265131
85256370485
85293113278
85269956047
85266186236
85284157704
85298748162
85295498235
85298370815
85255385330
85267100739
85256958005
85251687733
85294007744
85264783477
85298411995
85260392816
85263641032
85264665354
85295696390
85296318825
85294269129
85267427842
85263885799
85292815434
85292337231
85259374472
85269355821
85267155161
85260160850
85268930911
85293791283
85291676723
85298574113
85291909427
85246419279
85259615785
85261562027
85251177598
85297886945
85262676594
85294108256
85295112971
85260961498
85254204977
85251279318
85260105470
85251106017
85296902626
85297506658
85260138454
85256608099
85298774171
85295366591
85297407143
85295547370
85266006526
85255446905
85292304094
85261504955
85264977919
85256949039
85261842737
85291862595
85290309973
85256226698
85264667737
85260107762
85291426058
85262302025
85260931004
85295524255
85268499911
85267396384
85294606385
85292807888
85254777950
85266617911
85256053991
85252956185
85290280484
85269938326
85264417268
85262796622
85296686596
85252386977
85255086857
85293868533
85259137148
85295881532
85292401303
85292217507
85262934632
85263016158
85264984949
85246234280
85290269561
85291449166
85296809623
85291974193
85254340179
85259767712
85263621314
85252698131
85294107277
85256855913
85259146181
85254929840
85262772792
85255869580
85297566405
85259224923
85297353915
85291279536
85254082713
85296852603
85297986721
85296689580
85293440707
85293266935
85290830552
85293706614
85254241020
85294283605
85267703011
85294894463
85297796366
85295334557
85291809733
85290187088
85292839062
85293601290
85295134872
85294550385
85264438208
85255335536
85267373350
85268007777
85298643200
85265535028
85298739605
85295536863
85292181558
85291778521
85262035399
85264667769
85293695426
85261901960
85255086680
85296722188
85290826411
85246573609
85297197922
85264269234
85295899672
85294194091
85290304512
85255311098
85296671946
85295879910
85295701275
85295503732
85291935969
85255997381
85291648597
85264052739
85295504983
85293543232
85296520383
85261088120
85292027276
85295196366
85291694303
85296170641
85256126514
85259808170
85244033370
85293232799
85265960298
85292603820
85294514251
85262848889
85291904780
85293524520
85267278709
85262559398
85260768646
85290947907
85297649456
85294034713
85266604005
85267307063
85255423313
85294793623
85264151825
85269319724
85295733357
85260685116
85267574076
85294020311
85262919738
85267076284
85264855000
85267610560
85293459436
85260660705
85296682976
85297742050
85290283839
85254418637
85293217099
85254742488
85267979785
85252196557
85295556780
85297079406
85290498527
85297556993
85261994203
85291640898
85292101665
85265133310
85297465056
85262727249
85259512013
85263777267
85255279135
85294816678
85262355271
85256076498
85261592249
85246370046
85297664190
85252273530
85298820545
85294773330
85292017372
85268454812
85251679997
85252290008
85253170892
85298013192
85255419025
85294693423
85293301325
85269928491
85292336695
85260525495
85268950339
85296281515
85254880646
85267677235
85269015685
85259883197
85260438833
85251712015
85259156735
85260516291
85251901237
85255405392
85291607654
85255466700
85260976808
85262387619
85290162559
85267994260
85295111594
85251285310
85256060117
85267008618
85292553499
85290129985
85298105637
85296225685
85254466388
85292704171
85262259246
85266238722
85296805572
85261380993
85268792210
85253962476
85254396763
85298209205
85251731589
85255914982
85256316258
85268786940
85268806887
85295500517
85252963398
85297872948
85251105143
85290317541
85265878967
85267503883
85292307937
85262552820
85295515920
85293437668
85263131399
85260983997
85293103289
85253317618
85260292624
85292227763
85298277358
85262090120
85256016837
85296346060
85251198327
85268718853
85294003673
85296081351
85291673307
85294288009
85292715699
85292080591
85264402263
85246765663
85298352433
85267673164
85259625109
85264881673
85296737691
85292084433
85292389608
85291277766
85263616631
85265176930
85293232095
85257449794
85256656806
85264142297
85263300135
85297189654
85292428985
85296814886
85246940324
85269794617
85291902921
85298088650
85266320868
85267459153
85251856380
85261136215
85290927009
85262497963
85267037823
85260360765
85261919522
85254288327
85292101439
85255452212
85262128617
85298458110
85264325346
85257200706
85253183951
85254394111
85290199444
85267391262
85292913269
85298651515
85267742219
85291675362
85291474020
85261856250
85262299353
85265362023
85251346253
85294373351
85252816363
85255442416
85298015096
85265310800
85291033403
85290898155
85263532776
85290439012
85253775959
85268474368
85291333907
85293122523
85268221120
85297892809
85298591848
85256064495
85262567266
85256237318
85298508790
85292575211
85260406791
85260850440
85262107241
85257028937
85267302858
85267677511
85265702828
85262342211
85292488829
85262991759
85256231523
85294553086
85257798980
85290252043
85261822998
85290574827
85298648823
85291324893
85251191429
85296532686
85260109252
85296679399
85291018998
85297402892
85298506450
85293475287
85297531753
85297199160
85293551112
85263382376
85295308896
85295833085
85266779810
85297333148
85266769165
85262930894
85267348468
85261668886
85253925291
85260155472
85263325313
85290281959
85295382954
85296276691
85251284912
85295739672
85269960854
85263082533
85292012744
85264255328
85292886881
85295751117
85296159026
85297725246
85262985760
85291643067
85296712265
85261020577
85290438923
85293568611
85296743369
85298171559
85296443090
85296749574
85263466556
85298637962
85298313760
85295108278
85296206976
85294799788
85255803299
85293460426
85266933013
85259754232
85266041215
85295364858
85267584230
85266836474
85291745601
85251680741
85262798385
85292022779
85262155912
85259854191
85292590919
85266206337
85262305167
85284033895
85244623746
85251367564
85291892261
85297415005
85256110749
85265468543
85295599146
85297795112
85262271093
85296164119
85292070180
85262334735
85298403425
85291920205
85265890008
85268050623
85292313280
85267492219
85253777855
85266536677
85253367378
85260290045
85260326605
85291922555
85252235275
85296653922
85290649368
85267463669
85296876333
85296774024
85263355666
85291801455
85295590463
85267699815
85264765399
85295689779
85267067014
85291800290
85290766336
85253999823
85290158266
85253731819
85296408664
85296255252
85253994360
85291781697
85266627867
85292602381
85263398392
85291965477
85297697186
85297799348
85255830328
85252631533
85269363005
85290254078
85266884959
85294423890
85298202665
85295121190
85298306256
85291748978
85261620361
85293273722
85292867807
85256237209
85261257820
85294742539
85266999077
85268767370
85262824689
85264666710
85298145513
85298510026
85254996950
85261989392
85295512922
85264852167
85292063014
85264672665
85292362966
85246856078
85291547298
85296703808
85292286965
85290534358
85268465325
85268756571
85291047440
85295910010
85267085714
85294318855
85293388452
85264645455
85296735210
85297540943
85254357964
85295529196
85251160301
85292386303
85292528877
85261326922
85263496954
85265782629
85261548243
85290937234
85293077767
85252445056
85290193368
85267384009
85294315233
85291987099
85290277881
85263835329
85254617887
85266000996
85296387180
85293658032
85266205944
85290406821
85251183356
85252033231
85259897545
85268275897
85296182628
85263566128
85298355608
85292549826
85260967760
85295557533
85251719372
85290260769
85261834596
85265340326
85296716772
85297205774
85267318471
85262756346
85296077551
85265321744
85261999418
85293209011
85268555503
85292500381
85292779705
85260342833
85292562024
85298542053
85267645511
85284898559
85293452546
85254867952
85252911701
85290236204
85292513463
85261518385
85291338366
85295185912
85254647561
85263601515
85257905409
85291993840
85293806550
85262028639
85268792310
85251137056
85294137198
85260850857
85253435298
85254770723
85298268748
85290137509
85263776162
85298536580
85259779182
85290405502
85261118515
85293358132
85296003729
85291699059
85252607979
85255455944
85266098830
85298371937
85244196522
85291694376
85260367543
85292031391
85256057967
85296233238
85293881211
85266054567
85292558769
85265239186
85293355154
85292660444
85262820983
85294195503
85265950870
85260846193
85252282158
85292020601
85255719110
85269929990
85291481813
85252174504
85291799112
85267265895
85257265788
85298321800
85262013631
85254052199
85293036911
85263465594
85253200920
85265002617
85297762235
85261569823
85291853730
85296007579
85261597426
85296106633
85251184361
85259011908
85298135417
85297230558
85264819996
85292036069
85259836607
85244396624
85297798740
85260382887
85294054918
85294326624
85292751989
85259810257
85253159187
85259938223
85298075283
85246934220
85261659691
85298296720
85290135658
85269383622
85294501111
85256244908
85261585837
85295012379
85293811192
85298622206
85297183795
85296667214
85291868761
85265771957
85262159466
85262082607
85290465405
85252195633
85253316911
85260260105
85265316366
85291876888
85291720021
85265016155
85297898141
85297443741
85291232922
85265032452
85252690180
85266515292
85261348009
85268148795
85267427185
85259890551
85246252431
85296879777
85290593179
85251185566
85294218540
85260673471
85262715172
85268500888
85246235755
85291648448
85298886227
85293741459
85297056728
85266747422
85268218120
85267779857
85252280973
85291917511
85253741164
85254886146
85297667308
85260855476
85265889270
85290381627
85291028311
85254821711
85296575008
85295341678
85291429739
85293164233
85263337242
85296810250
85266110753
85270722730
85297762158
85297049002
85296567422
85298883329
85265338262
85262363626
85255965539
85251101233
85252204255
85298996188
85291445545
85254066083
85251370621
85296124961
85266296120
85269289003
85264477147
85295401705
85266013171
85266776182
85251872004
85255969144
85267921183
85268567673
85267780067
85260523529
85292176533
85252220995
85253385738
85292497463
85297356830
85290403810
85266290703
85254012143
85291272003
85297903429
85253292264
85292077742
85254975185
85291735949
85257119920
85297111097
85291554401
85268550623
85261370854
85295176972
85267779956
85246560273
85263965526
85260965018
85263673438
85293007837
85290818077
85293346326
85293011834
85257119467
85260207988
85265301919
85290224948
85295192370
85298132050
85291779917
85295042223
85292298215
85295533819
85295852218
85292092676
85262213375
85290431438
85297036877
85259833060
85265787631
85263557389
85296226615
85297220028
85251304658
85297872472
85266006393
85290201289
85257259207
85267342676
85297179556
85292381270
85293615566
85269661368
85254283111
85255980043
85268569169
85295793600
85297722051
85291282421
85284042018
85293089929
85266473647
85251875248
85294389706
85254400215
85251174745
85254281516
85253338262
85261825292
85290996885
85298521852
85262853472
85292874571
85292306151
85269766394
85293330103
85268956382
85262836654
85296536878
85262378165
85290672604
85298180188
85297911226
85255195262
85291251905
85266297574
85269000265
85263602960
85254949866
85292989315
85298516085
85254818187
85297768845
85296643479
85260427747
85294510001
85268986012
85296608367
85295827786
85253930018
85294261780
85260609047
85293081919
85254047412
85290113506
85260946161
85297377098
85252205804
85297216144
85267302732
85290906541
85296015207
85262895728
85260707462
85291774696
85293368494
85267751115
85252366786
85266779635
85292617336
85263758720
85260531438
85291266091
85293862349
85261769256
85296187195
85263438162
85295587117
85291305672
85262261154
85266768555
85262897934
85263455353
85257263437
85262155665
85255028360
85297299312
85290746326
85292163400
85253459700
85297304448
85255036106
85294649292
85298195346
85261989746
85290965691
85269013916
85268233340
85293024455
85260777500
85267055871
85261213865
85296290671
85266814438
85297094480
85290307294
85298336293
85296033052
85252492664
85291561984
85261006471
85263963593
85259758543
85262184214
85296608639
85255394467
85291097757
85294098038
85290498967
85267940842
85253730067
85260893063
85290195380
85261464355
85266802397
85294503605
85253130429
85293752788
85292969318
85265375025
85291961279
85267571833
85294700727
85290120967
85296650403
85296436792
85294213124
85253856202
85262032836
85264333165
85261546124
85294157377
85293202118
85266395443
85292783356
85293656822
85291926693
85298112825
85291770183
85266569013
85293662315
85252868893
85266890398
85296435779
85291308285
85268937962
85294534705
85296252833
85291320779
85255479178
85291884462
85298263190
85298163983
85295891572
85290960075
85266793895
85260445749
85263731637
85261533272
85262232200
85296518491
85268469229
85290102752
85256276634
85298321200
85295083217
85296106238
85290433244
85255652593
85261212599
85259575350
85293516618
85290271530
85298369105
85297873115
85296350838
85292131355
85264363952
85293459132
85290558099
85251625510
85290960726
85262239612
85298320693
85295750845
85292772240
85256684438
85293066671
85266169239
85296415214
85294464499
85260383130
85296265161
85292085361
85297185569
85254488484
85267326392
85253776442
85290483206
85294260443
85256136932
85293370189
85262254096
85292039610
85267781569
85295119598
85295223089
85297017806
85256436057
85290105497
85291769668
85268211802
85269076528
85294120984
85253321225
85255906603
85291489512
85294063518
85293020858
85290289486
85297556372
85293232177
85293107074
85254904256
85297040206
85268162636
85263083535
85261502347
85259370620
85291273027
85259882644
85256814035
85293370052
85268261092
85264318456
85263767259
85255154639
85251270368
85261768122
85290131299
85251084238
85254067827
85294280997
85292126863
85259105615
85268802868
85298160152
85290507429
85253951718
85252477109
85254816494
85293327355
85251333801
85292297992
85267494761
85269027805
85252186786
85294774035
85261795186
85260258538
85290623005
85252674041
85253342575
85291092785
85260297080
85298388055
85291278636
85290603023
85292052740
85261932601
85263827948
85267468248
85294422292
85266825057
85293632613
85297072098
85294544116
85292553274
85259688635
85261551607
85269281216
85266766376
85290500052
85295751939
85269010781
85259396410
85256233084
85290418103
85296229278
85293613954
85260174428
85298741080
85256342024
85263135409
85295303006
85297424408
85296872253
85295552358
85291459516
85266320793
85290993700
85261929813
85267040039
85292723327
85256818620
85296681218
85251642278
85297790591
85296083272
85266039888
85298809427
85254647377
85269995731
85269215851
85291243583
85284812491
85254355463
85296883915
85260352015
85292214170
85264674113
85267398002
85292437264
85297362460
85297461222
85298100753
85260568386
85251754042
85254874837
85297552206
85296852030
85296277643
85290930906
85293736227
85254064772
85263652278
85296447320
85266751764
85291233306
85293383504
85255370503
85293412619
85296635147
85293138116
85260830521
85298829332
85297695780
85260514552
85269800852
85291886950
85290768659
85263440905
85292606720
85262343170
85296696687
85291811069
85298551027
85291567010
85298390725
85256996024
85290767667
85294369049
85293117884
85260479847
85270759035
85296752285
85260309025
85292558671
85264468752
85296752203
85294882435
85261625524
85297673050
85252111985
85298179643
85269379822
85294384177
85253493183
85298183539
85267344345
85295349616
85298678479
85252492555
85266867972
85265726460
85298781890
85251161985
85256425494
85290800598
85261438097
85294500788
85252980600
85292442898
85251666036
85293209014
85297940790
85294678992
85255131165
85293552092
85256150522
85291600945
85267574674
85296532844
85256130664
85255261015
85266772406
85266063438
85269727651
85291456967
85298338434
85252635509
85294200667
85260355220
85292055635
85261575389
85268559800
85266996024
85262182496
85252677484
85263614647
85267589090
85264207918
85296528766
85295855403
85253288380
85292809531
85261902309
85264175119
85254042924
85291572285
85267928892
85291073012
85298391748
85292480888
85295836904
85267930945
85291261716
85260904063
85260784346
85257251455
85297233158
85291653360
85269050774
85298336905
85261593139
85254842819
85267346396
85291511579
85260108296
85257934576
85256470212
85297328922
85252469207
85294385802
85259613892
85291923626
85293054553
85254340490
85268470231
85255775407
85297255420
85268519883
85294933233
85294373271
85294522801
85290925477
85263770325
85293480900
85298764684
85296033605
85254827149
85297542696
85295200627
85255758612
85259260400
85261576389
85298209070
85260641549
85291529692
85251867446
85264861841
85267316230
85295135412
85297028730
85291752648
85269385126
85260338472
85290629287
85261510167
85254955633
85260770566
85293797625
85254352937
85264149732
85264091854
85253276825
85264621647
85294427669
85256440476
85259102798
85293224884
85268748426
85263750112
85292570961
85261510936
85260899807
85290436783
85266012228
85293053787
85291537099
85256319195
85292916924
85265775283
85294973899
85268551339
85264746136
85267363599
85262951170
85260302801
85291922076
85261542210
85266002338
85246112477
85284039044
85294189223
85298350382
85260826049
85292193403
85292886455
85256216968
85261885816
85296537205
85251151065
85293122585
85290548539
85262111721
85296897892
85255417634
85263571666
85296736208
85259200480
85260192299
85269914156
85259815429
85256868373
85291262983
85296043414
85257232231
85296276690
85264243054
85260363210
85260292898
85298885807
85290340007
85267992893
85255464553
85251690035
85269864888
85298464836
85292188800
85260132761
85269978151
85261791327
85259463207
85266886168
85263313226
85293312872
85264822173
85293209586
85260550695
85284819147
85263981418
85293259328
85267074542
85292252038
85254035688
85297687551
85265754306
85254071236
85255403763
85292587800
85254896549
85294536487
85291371498
85292889870
85251175045
85296015504
85260726230
85244481237
85293004436
85260197166
85269920895
85263869986
85290258249
85266293691
85295323142
85293539550
85298612773
85246270055
85262513865
85263511394
85294891613
85298315757
85296008525
85293030200
85252090986
85251150386
85296175409
85264809967
85284822916
85297662712
85268851303
85263791970
85268572828
85291447385
85295586647
85297281832
85253159928
85260170190
85252812859
85262765124
85264816927
85256118050
85251752538
85293180499
85295598889
85260285896
85262285436
85298819484
85293109968
85294879299
85259666285
85252748065
85268573399
85252852819
85296484135
85293320718
85292575003
85292556010
85291681834
85266005707
85296818187
85291917591
85297922775
85254137885
85260902757
85265864353
85292660871
85251144004
85262738854
85255043916
85291803347
85297246521
85297239661
85262009819
85266999734
85252389950
85255421262
85295310956
85294444231
85296481061
85263534496
85291640944
85264055228
85296610020
85259348836
85290827899
85263500387
85291800790
85256110936
85265538051
85255898885
85290133019
85252076106
85292008502
85263924235
85292638266
85297386322
85254131528
85265904348
85293507850
85259585732
85297566728
85261845898
85296678903
85292124842
85298650569
85290107963
85259376401
85261489481
85294547989
85261762671
85290263035
85298781300
85298646321
85263650070
85290287546
85269053509
85257407745
85256217852
85291744230
85265497529
85290968548
85262111108
85260852188
85263915827
85293694194
85268061693
85262554003
85292351944
85264351415
85261244446
85257234836
85290469726
85262111431
85290456887
85264879204
85296022832
85293122794
85295582227
85264721301
85266886725
85255202363
85267568798
85295606166
85261901341
85254995856
85295715113
85253158435
85295152233
85259569416
85291962867
85292866950
85296859355
85292700704
85292092481
85292388992
85268745775
85253618987
85262246824
85296650482
85264125955
85254221838
85291213679
85296221846
85292846324
85269327432
85295387533
85290785282
85292342097
85295527129
85290353525
85266221384
85296608163
85295179070
85256295195
85295456722
85293790248
85292219198
85296026546
85256131781
85251386229
85260177930
85261521334
85261106963
85262911508
85297120541
85252810629
85251111492
85292697262
85263320379
85253477123
85296302109
85260216020
85298162281
85264826204
85297806796
85260348322
85265351311
85254459221
85294942491
85294558565
85291003501
85269794134
85263294642
85261449481
85298307044
85290721212
85297386916
85296792221
85293491244
85294748860
85264297375
85261323383
85296899919
85291335667
85256268877
85269232567
85255336624
85260457804
85260527552
85255409139
85267312929
85262832706
85298713925
85293404199
85298782070
85291964508
85290386685
85293698834
85293335752
85297282318
85290833909
85262307740
85294120098
85266901163
85298697689
85253751060
85291655182
85290809792
85293620639
85264334033
85263811889
85293627499
85262203651
85292706621
85265843623
85264601202
85298340182
85291338632
85298653666
85295150306
85253403847
85262049828
85253618612
85290488365
85295873808
85290318204
85294559807
85295220096
85293101977
85253096800
85261369580
85294829761
85297288114
85291095724
85246638229
85264252013
85298799641
85267996169
85293121054
85292517340
85260283220
85264818251
85296660808
85292881255
85265027084
85293068326
85295399065
85295470360
85297370117
85292787320
85297364848
85294292872
85257172364
85266302751
85261826603
85297228158
85298778028
85291274990
85295189167
85295261812
85294305090
85265968770
85262962879
85263760910
85264963338
85261286627
85297915573
85254085383
85255337188
85296624769
85290146994
85297763985
85254005795
85259583427
85259929896
85255979507
85294282689
85260404704
85292316638
85253383765
85260390986
85262915053
85298101623
85294774633
85253776186
85290199901
85292912259
85256452156
85261350849
85290119586
85267395696
85261953362
85261566839
85292619792
85260568056
85253477678
85252822927
85292129916
85293263382
85294787099
85295498657
85295559051
85253010705
85267012908
85267977053
85262299684
85294049879
85290733597
85293317226
85261191661
85259964949
85259336561
85256841214
85296868511
85265349472
85293463332
85296211811
85253295384
85262997455
85266240535
85262678502
85298137059
85266323106
85255155724
85292893176
85251641185
85292356595
85263542618
85296608737
85257400815
85292426433
85295032322
85293282161
85263836547
85297127577
85297599255
85244139388
85266184108
85256864911
85267716866
85290611104
85251880407
85265703911
85260498603
85297916436
85252274231
85263780933
85262253560
85261578398
85253016540
85293787041
85297205620
85298776242
85294802798
85260926212
85252403656
85292802519
85260915667
85261043075
85261084653
85266567981
85296677696
85292260320
85262120168
85261384538
85255883566
85294249956
85293633721
85254658925
85298770990
85261567832
85296463158
85298283823
85251066969
85284823162
85298354230
85298385784
85246278433
85251680800
85268787075
85269712240
85297881449
85266721634
85298235460
85255183486
85246849231
85292266383
85262648395
85260737278
85295152207
85266768396
85264687180
85294127887
85295813128
85294577998
85264225511
85266724188
85269985450
85291687789
85292724807
85251991139
85262912065
85255421574
85261104005
85255427278
85268217462
85296027242
85293001635
85251085313
85253936841
85251886138
85294821182
85254925075
85246098168
85290259919
85294608042
85292292021
85296661257
85293408582
85295799235
85263500467
85293471787
85264402109
85261530247
85291721599
85296614946
85254467086
85296748991
85297139429
85298236963
85292914747
85254074969
85264342490
85266429723
85296628350
85259881372
85295006296
85293840914
85266804115
85263981328
85254860950
85262354406
85251007622
85267318701
85294396782
85254025617
85297106530
85261366885
85284817948
85269001496
85261114060
85294099988
85296672196
85298802025
85255879608
85298710271
85265929939
85293462626
85293617824
85254259930
85261136546
85295547703
85251142946
85293283969
85297155397
85295326079
85295824406
85265771588
85268129668
85265814774
85263903037
85254116816
85252863042
85252634032
85254777252
85253431499
85253097759
85298802766
85295806961
85255412302
85294494187
85293642454
85297686527
85296521878